752 4
756 5
757 6
714 7
662 8
610 10
570 11
535 12
503 13
474 15
451 16
431 17
433 18
437 19
716 39
704 40
692 42
680 43
670 44
658 45
650 46
640 47
631 48
624 49
618 50
610 51
602 52
596 53
589 54
594 55
612 56
635 57
654 58
681 59
706 60
735 61
767 62
1162 66
1150 67
1147 68
1140 69
1138 70
1130 71
1125 72
1121 73
1118 74
1116 75
1115 76
1108 77
1109 78
1099 79
1103 80
1101 81
1097 82
1093 83
1092 84
1094 85
1096 86
743 89
745 90
747 91
748 92
751 93
754 94
756 95
760 96
761 97
768 98
769 99
775 100
778 101
785 102
789 103
793 105
1238 107
1248 108
1257 109
1268 110
806 136
793 137
785 138
774 139
763 140
754 141
745 142
738 143
731 144
722 145
715 146
707 147
703 148
696 149
709 150
739 151
772 152
806 153
842 154
887 155
1352 187
1343 188
1353 189
1342 190
1348 191
1650 193
1664 194
1511 195
1529 196
1547 197
1569 198
1217 199
1168 200
1124 201
1085 203
1048 204
1022 205
1028 206
1040 207
1053 208
1065 209
1079 210
1093 211
1112 212
1129 213
1145 214
1553 243
1571 244
1616 245
1507 249
1487 250
1437 251
1430 252
1483 253
1829 267
1842 268
1841 269
1844 270
1847 271
1629 277
1638 278
1441 280
894 282
844 283
802 284
761 285
729 286
700 288
708 290
715 291
719 292
728 293
736 294
744 295
753 296
761 297
771 298
779 299
789 300
802 301
811 302
1955 309
1392 320
1384 321
1389 322
1421 323
1408 324
1391 325
438 328
435 329
443 330
459 331
477 332
498 333
521 334
546 335
571 336
601 337
671 338
713 339
761 340
760 341
756 342
751 343
751 344
750 345
748 346
745 347
744 348
742 349
742 350
738 352
743 353
744 354
740 355
741 356
740 357
744 358
744 359
