578 9
583 11
587 14
576 16
493 19
431 22
384 25
348 28
317 31
290 34
271 36
279 38
1281 44
1262 46
1249 48
1236 51
1231 53
1217 56
1214 58
1210 60
1209 63
1209 65
1208 68
1211 70
1217 72
837 75
687 78
656 81
665 83
675 85
687 88
700 90
715 92
733 95
915 99
944 101
975 104
1010 106
1054 108
1760 112
1703 115
1067 118
1037 120
1011 123
979 125
959 127
993 130
1093 132
1399 136
1010 139
1002 142
992 144
988 146
984 149
1316 153
1334 156
1332 158
1336 160
1341 163
1352 165
1367 168
1379 170
1401 172
1416 175
1444 177
1471 179
1500 182
1529 184
1562 186
1616 189
1664 191
1513 201
1451 203
1407 206
1358 208
1322 211
1290 213
1258 215
1229 218
1207 220
1182 223
1165 225
1146 227
1131 230
873 233
867 235
864 237
859 240
857 242
857 244
1106 249
1112 251
1118 254
1129 256
1135 258
1151 261
1168 263
1184 266
1206 268
1232 270
1265 273
1322 277
1362 280
1054 311
1055 313
297 319
292 322
308 324
325 326
345 328
368 330
394 332
424 335
459 337
502 339
555 341
591 345
586 348
580 350
577 353
573 355
572 358
