582 11
588 13
594 16
545 18
484 21
435 24
395 26
364 29
338 32
314 35
295 38
292 40
1441 45
860 49
864 51
869 53
877 56
890 58
901 61
1554 65
1580 67
1614 70
1647 72
1687 74
1740 77
799 85
763 87
732 90
705 92
679 95
685 97
724 100
774 102
828 104
1229 108
1205 111
1186 113
1167 116
1151 118
1141 120
1132 123
1123 125
1117 128
1116 130
1115 133
1118 135
1121 137
1125 140
1129 142
1136 144
1151 147
1165 149
1174 152
1192 154
1220 156
1237 159
1262 161
1296 164
1331 166
1345 173
1181 181
1131 183
1099 185
1062 188
1031 190
1006 193
981 195
963 198
944 200
928 203
907 205
896 207
883 210
878 212
873 215
869 217
862 220
859 222
856 224
855 227
858 229
879 232
880 234
889 237
902 239
909 241
926 244
942 246
961 248
981 251
1003 253
1031 256
851 258
802 261
761 263
726 266
745 268
777 271
815 273
861 275
1406 282
1366 284
1339 287
1315 289
1292 291
1274 294
1256 296
1239 299
850 302
844 304
841 307
839 309
840 311
841 314
850 316
269 322
276 325
294 327
314 329
338 331
365 333
395 335
435 337
481 339
540 341
581 346
577 348
573 351
570 353
570 356
568 358
