602 11
607 13
614 16
568 18
502 21
448 23
408 26
374 29
346 31
322 34
305 37
318 39
1503 43
1464 45
1437 48
1415 50
1391 52
1372 55
1364 57
1345 60
973 63
970 65
963 67
962 70
960 72
1318 77
1335 79
1343 81
1354 84
1366 86
1383 88
1400 91
1058 94
957 96
960 98
982 101
1008 103
1040 105
1674 110
903 127
876 130
856 132
838 135
821 137
805 139
839 142
951 144
1768 148
1238 151
1228 153
1226 155
1217 158
1221 160
1221 163
1226 165
1233 167
1236 170
1246 172
1259 175
1271 177
1284 179
1305 182
1327 184
1353 186
1381 189
1411 191
1453 193
1488 196
1534 198
1418 206
1308 210
1269 213
1217 215
1183 218
1153 220
1128 223
1104 225
1083 228
1067 230
1051 232
1032 235
1020 237
1015 240
1001 242
997 244
990 247
992 249
989 252
994 254
992 256
999 259
1004 261
1014 263
1024 266
918 268
806 271
719 274
711 276
728 278
744 281
765 283
783 285
809 288
1299 292
1408 297
1421 301
1375 304
1334 306
1294 309
1264 311
1235 313
1206 316
1183 318
291 325
289 327
308 329
331 331
357 333
387 335
424 337
466 339
521 341
591 343
605 346
599 348
595 351
592 353
589 355
588 358
