543 10
474 13
422 16
381 18
376 21
1707 32
1661 35
1626 37
1594 39
1567 42
1539 44
1144 47
1128 49
1119 52
1109 54
1140 56
1456 59
1454 61
1444 63
1446 66
1445 68
1456 71
1465 73
1478 75
1486 78
1119 80
1037 83
1050 85
1072 88
1094 90
1115 92
1716 97
1765 99
1072 102
1018 105
967 107
929 109
945 112
989 114
1044 116
917 121
897 124
876 126
855 129
842 131
830 134
925 136
1279 140
1266 142
1264 145
1255 147
1247 150
1243 152
1244 154
1248 157
1250 159
1255 162
1264 164
1275 166
1287 169
1303 171
1326 174
1344 176
1369 178
1395 181
1154 202
1117 205
1079 207
1051 210
1014 212
994 215
969 217
947 219
931 222
917 224
902 227
891 229
887 232
872 234
866 236
868 239
860 241
859 244
860 246
865 249
868 251
872 253
879 256
888 258
898 260
907 263
922 265
942 268
955 270
975 272
994 275
1023 277
1053 279
1083 282
1122 284
1165 286
1205 289
1352 296
1313 298
1281 301
1244 303
1214 305
1188 308
1165 310
1144 313
1129 315
1113 317
379 323
381 325
411 327
448 329
492 331
545 333
613 335
718 337
692 340
687 342
682 345
677 347
677 349
677 352
680 354
678 356
682 359
