592 10
593 12
594 15
598 17
518 22
430 25
368 29
323 31
285 35
274 37
286 39
1019 43
1027 45
1038 47
1057 50
1079 52
1108 54
1129 57
1162 59
1200 62
957 79
926 81
901 84
875 86
856 89
838 91
823 93
808 96
796 98
782 101
773 103
768 106
763 108
757 110
752 113
753 115
749 118
753 120
754 122
760 125
764 127
768 130
779 132
786 134
808 137
820 139
835 142
852 144
874 146
891 149
919 151
944 153
979 156
1995 189
1969 191
959 216
886 218
893 221
904 223
921 226
935 228
954 230
1050 235
974 238
909 240
935 243
967 245
1001 247
1041 250
1889 261
1786 266
1749 268
1709 271
1049 274
1036 276
1022 278
1008 281
997 283
1002 286
1559 290
1098 293
1088 295
1093 298
1095 300
1101 302
1570 307
1581 309
1598 312
1616 314
1638 316
1659 319
340 325
329 327
346 329
364 331
384 334
408 336
434 338
466 340
502 342
546 345
599 347
628 349
618 351
611 354
606 356
600 359
