594 10
600 12
606 14
614 17
533 22
480 25
438 28
405 30
375 33
352 36
330 39
318 41
1312 59
1283 62
1256 64
1230 67
1210 69
1189 72
1174 74
1166 76
1152 79
1145 81
1142 84
1141 86
1138 89
1139 91
1144 93
1148 96
1159 98
1167 101
1183 103
1191 106
1206 108
1228 110
1248 113
1277 115
1302 118
1336 120
1365 122
1409 125
1451 127
1507 130
1686 137
1948 144
1894 146
1318 149
1289 152
1262 154
1235 156
1324 159
1684 161
1664 163
1648 166
1633 168
1616 171
1612 173
1602 176
1596 178
1595 180
1610 183
1613 185
1620 188
1629 190
1499 193
1321 195
1338 198
1359 200
1382 202
1813 207
1283 212
1208 215
1172 217
1213 220
1257 222
1310 224
1594 227
1212 229
1168 232
1133 234
1098 237
1156 239
922 242
900 244
884 247
871 249
856 252
872 254
1024 256
1198 259
1183 261
1176 263
1173 266
1173 268
1173 271
1175 273
1183 276
1185 278
1193 280
1208 283
1222 285
1239 288
1262 290
1283 292
1307 295
1335 297
271 329
275 331
297 333
323 335
353 337
389 339
490 343
595 347
591 350
586 352
584 355
583 357
582 359
