628 11
573 14
495 16
437 20
392 23
357 25
345 28
1153 32
1125 35
1205 37
1795 42
1772 44
566 48
561 51
558 53
554 56
553 58
551 61
553 63
557 65
560 68
564 70
240 126
236 129
226 134
222 137
221 139
218 141
217 144
217 147
215 148
215 152
215 154
217 155
217 157
220 161
219 164
222 166
227 169
228 174
639 220
632 222
621 225
613 227
607 230
604 232
602 235
598 237
596 240
599 242
602 245
605 247
608 250
617 252
621 254
629 257
642 259
654 262
661 264
676 266
688 269
727 274
1318 314
1305 317
1294 319
347 325
353 327
379 330
410 332
448 334
494 336
550 338
622 340
661 343
655 345
650 348
645 350
646 352
640 355
633 357
