633 9
682 12
535 15
462 18
409 20
366 24
334 27
321 29
1140 45
1103 48
1068 50
1029 53
1004 55
982 58
956 61
936 63
922 65
902 68
893 70
882 73
872 75
863 78
858 80
854 83
853 85
853 88
856 90
860 93
862 95
873 98
874 100
892 102
898 105
914 107
927 110
948 112
970 115
988 117
1018 119
1042 122
1076 124
1117 127
1203 131
1318 136
1390 139
1356 141
1322 144
1283 146
1253 149
1227 151
1201 154
1180 156
1156 159
1146 161
1133 164
1127 166
1118 168
1115 171
1111 173
1108 176
1107 178
1105 181
1111 183
1114 186
1125 188
1134 191
1146 193
1169 196
1106 198
990 201
972 203
996 206
1021 208
1052 211
1413 215
1140 218
1090 220
1040 223
998 225
1037 228
1094 230
1164 233
1672 237
1635 240
1209 242
1187 245
1169 247
1153 250
1233 252
1489 255
1479 257
1469 260
1461 262
1454 264
1455 267
1451 269
1460 272
1472 274
1482 277
1225 279
1029 282
1040 285
1058 287
1074 289
1096 292
1671 296
1709 299
1765 301
962 307
916 309
874 312
837 314
823 317
334 322
333 324
356 327
381 329
411 331
448 333
491 335
544 338
641 342
635 345
629 347
626 349
622 352
618 354
616 357
621 359
