681 11
686 14
619 16
532 19
466 22
418 25
379 28
372 30
1512 35
1504 37
1500 40
1728 42
1389 45
1390 47
1389 49
1400 52
1758 57
1780 59
1795 62
1819 64
1221 67
1142 69
1168 72
1195 74
1225 77
931 82
878 85
836 87
803 90
837 92
878 94
927 97
982 99
955 102
939 104
917 107
895 109
875 112
859 114
843 117
836 119
827 122
818 124
807 127
802 129
801 131
798 134
799 136
801 139
808 141
809 144
813 146
825 148
837 151
847 153
860 156
870 158
890 161
909 163
931 165
956 168
964 237
995 239
1157 242
1190 244
1199 246
640 250
654 253
669 255
1591 295
1567 298
1555 300
1538 303
1522 305
1512 308
1503 310
1502 313
1505 315
1503 318
1511 320
1519 322
1531 325
369 331
367 333
397 335
433 337
476 339
532 341
603 344
682 348
677 351
672 353
668 356
667 358
