679 11
617 13
532 16
467 19
416 22
379 25
364 28
1333 44
1311 47
1285 49
1279 52
1476 54
1829 56
1353 59
1339 62
1337 64
1333 66
1777 69
1790 71
1459 74
1463 76
1476 79
1494 81
1846 83
1869 86
1896 88
1936 91
1973 93
1468 96
1358 99
1316 101
1355 103
1397 106
1235 108
1180 111
1127 113
1122 116
1185 118
1246 121
1367 126
1333 128
1300 131
1279 133
1250 136
1230 138
1209 140
1197 143
1180 145
1166 148
1158 150
1154 153
1149 155
1146 158
1148 160
1154 163
1158 165
1166 168
1173 170
1184 172
1201 175
1219 177
1239 180
1885 184
517 241
514 243
512 246
511 248
512 251
514 253
515 256
518 258
522 261
528 263
533 265
546 268
553 270
567 273
572 275
582 278
1262 316
1241 318
1221 321
1201 323
356 329
376 331
408 333
447 335
496 337
556 339
633 341
676 344
671 346
666 349
663 351
660 354
658 356
658 359
