849 27
835 28
823 29
813 30
803 31
793 32
784 33
773 34
767 35
758 36
749 37
743 38
737 39
730 40
746 41
777 42
806 43
842 44
878 45
919 46
1597 74
1557 76
1498 77
1529 78
1497 79
1789 85
1766 86
1769 87
1804 88
1212 90
1162 91
1122 92
1080 93
1049 94
1055 95
1068 96
1080 97
1089 98
1103 99
1116 100
1133 101
1147 102
1164 103
1402 146
1393 147
1405 148
1434 149
1449 150
1380 156
1356 157
1347 158
1827 161
1617 167
1630 168
1394 169
866 171
818 172
766 173
728 174
691 175
672 176
678 177
682 178
689 179
691 180
700 181
707 182
714 183
719 184
729 186
735 187
743 188
761 189
770 190
780 191
1915 199
1353 210
1342 211
1340 212
1385 213
1366 214
396 219
392 220
400 221
415 222
431 223
468 224
490 225
514 226
540 227
566 228
598 229
635 230
674 231
718 232
716 234
714 235
711 236
709 237
707 238
705 239
704 240
704 241
699 242
702 243
702 244
702 245
703 246
702 247
702 248
698 249
705 250
707 251
708 252
711 253
712 254
714 255
717 256
719 257
721 258
743 259
672 260
627 262
588 263
554 264
524 265
496 266
473 267
450 269
431 270
413 271
402 272
405 273
410 274
702 293
694 294
683 295
673 296
663 297
654 298
645 299
639 300
630 301
623 302
617 303
612 304
604 305
598 306
592 308
587 309
583 310
588 311
610 312
663 314
726 315
760 316
1155 320
1150 321
1145 322
1135 323
1136 324
1133 325
1128 326
1120 327
1117 328
1119 329
1113 330
1114 331
1117 332
1107 333
1114 334
1108 335
1108 336
1110 337
1106 338
1110 339
1116 340
766 343
763 344
767 345
768 346
772 347
774 348
779 349
781 350
786 351
792 352
795 353
800 354
804 355
810 356
815 357
823 358
