642 0

0 1

638 2

0 3

0 4

638 5

0 6

635 7

0 8

639 9

0 10

0 11

642 12

0 13

645 14

0 15

650 16

0 17

656 18

0 19

0 20

584 21

0 22

0 23

500 24

0 25

0 26

437 27

0 28

0 29

390 30

0 31

353 32

0 33

334 34

0 35

0 36

0 37

0 38

0 39

0 40

1201 41

0 42

1225 43

0 44

1243 45

0 46

0 47

1020 48

0 49

932 50

0 51

0 52

915 53

0 54

939 55

0 56

963 57

0 58

0 59

994 60

0 61

1023 62

0 63

0 64

0 65

1547 66

0 67

0 68

0 69

0 70

0 71

0 72

0 73

0 74

0 75

0 76

0 77

0 78

0 79

0 80

0 81

0 82

0 83

0 84

0 85

0 86

0 87

0 88

0 89

0 90

0 91

0 92

0 93

0 94

929 95

0 96

917 97

0 98

906 99

0 100

0 101

899 102

0 103

894 104

0 105

886 106

0 107

0 108

0 109

1471 110

0 111

0 112

1461 113

0 114

995 115

0 116

0 117

1001 118

0 119

1005 120

0 121

1009 122

0 123

0 124

1020 125

0 126

0 127

0 128

1514 129

0 130

1539 131

0 132

1557 133

0 134

0 135

1582 136

0 137

1607 138

0 139

0 140

1640 141

0 142

1674 143

0 144

0 145

869 146

0 147

814 148

0 149

0 150

769 151

0 152

730 153

0 154

0 155

724 156

0 157

749 158

0 159

780 160

0 161

814 162

0 163

0 164

855 165

0 166

0 167

0 168

1416 169

0 170

1380 171

0 172

1343 173

0 174

0 175

1316 176

0 177

1290 178

0 179

0 180

1206 181

0 182

1199 183

0 184

1183 185

0 186

0 187

1175 188

0 189

1160 190

0 191

1159 192

0 193

1159 194

0 195

0 196

1155 197

0 198

1160 199

0 200

1159 201

0 202

1159 203

0 204

0 205

1170 206

0 207

1175 208

0 209

1181 210

0 211

1195 212

0 213

1212 214

0 215

0 216

1224 217

0 218

1243 219

0 220

1266 221

0 222

1289 223

0 224

0 225

1309 226

0 227

1338 228

0 229

0 230

0 231

1409 232

0 233

0 234

0 235

0 236

0 237

0 238

1284 239

0 240

0 241

0 242

0 243

836 244

0 245

0 246

806 247

0 248

782 249

0 250

759 251

0 252

0 253

741 254

0 255

722 256

0 257

735 258

0 259

790 260

0 261

858 262

0 263

928 264

0 265

0 266

914 267

0 268

897 269

0 270

887 271

0 272

880 273

0 274

0 275

867 276

0 277

861 278

0 279

854 280

0 281

0 282

846 283

0 284

844 285

0 286

842 287

0 288

839 289

0 290

0 291

849 292

0 293

854 294

0 295

861 296

0 297

868 298

0 299

0 300

876 301

0 302

882 303

0 304

896 305

0 306

899 307

0 308

0 309

922 310

0 311

934 312

0 313

952 314

0 315

973 316

0 317

0 318

995 319

0 320

0 321

0 322

363 323

0 324

0 325

361 326

0 327

382 328

0 329

406 330

0 331

435 332

0 333

469 334

0 335

509 336

0 337

555 338

0 339

614 340

0 341

670 342

0 343

663 344

0 345

657 346

0 347

0 348

651 349

0 350

648 351

0 352

645 353

0 354

641 355

0 356

0 357

641 358

0 359

