0 0

640 1

0 2

642 3

0 4

0 5

645 6

0 7

650 8

0 9

656 10

0 11

0 12

642 13

0 14

0 15

576 16

0 17

0 18

505 19

0 20

450 21

0 22

0 23

407 24

0 25

0 26

372 27

0 28

0 29

347 30

0 31

358 32

0 33

1108 34

0 35

0 36

1111 37

0 38

1130 39

0 40

1150 41

0 42

0 43

1180 44

0 45

1208 46

0 47

0 48

1245 49

0 50

1282 51

0 52

0 53

0 54

0 55

0 56

0 57

0 58

0 59

0 60

0 61

0 62

0 63

1076 64

0 65

0 66

0 67

0 68

1000 69

0 70

0 71

0 72

0 73

935 74

0 75

915 76

0 77

0 78

893 79

0 80

875 81

0 82

0 83

859 84

0 85

845 86

0 87

0 88

833 89

0 90

821 91

0 92

0 93

813 94

0 95

803 96

0 97

0 98

800 99

0 100

795 101

0 102

794 103

0 104

0 105

790 106

0 107

0 108

794 109

0 110

794 111

0 112

801 113

0 114

0 115

804 116

0 117

813 118

0 119

0 120

829 121

0 122

841 123

0 124

0 125

850 126

0 127

865 128

0 129

0 130

884 131

0 132

902 133

0 134

922 135

0 136

0 137

948 138

0 139

0 140

0 141

0 142

0 143

0 144

0 145

0 146

0 147

1084 148

0 149

0 150

0 151

0 152

0 153

0 154

0 155

0 156

0 157

0 158

0 159

0 160

0 161

0 162

0 163

0 164

0 165

0 166

1432 167

0 168

1395 169

0 170

0 171

1371 172

0 173

1343 174

0 175

0 176

1321 177

0 178

1310 179

0 180

1310 181

0 182

1291 183

0 184

0 185

1282 186

0 187

1276 188

0 189

0 190

1272 191

0 192

1261 193

0 194

0 195

1265 196

0 197

1264 198

0 199

0 200

1266 201

0 202

1049 203

0 204

0 205

935 206

0 207

945 208

0 209

0 210

955 211

0 212

970 213

0 214

984 215

0 216

0 217

0 218

0 219

1399 220

0 221

0 222

0 223

0 224

989 225

0 226

0 227

920 228

0 229

861 230

0 231

0 232

866 233

0 234

899 235

0 236

931 237

0 238

0 239

970 240

0 241

0 242

0 243

0 244

0 245

0 246

0 247

0 248

1909 249

0 250

1851 251

0 252

0 253

1804 254

0 255

1760 256

0 257

1718 258

0 259

0 260

1676 261

0 262

1651 263

0 264

0 265

1010 266

0 267

0 268

995 269

0 270

984 271

0 272

0 273

974 274

0 275

969 276

0 277

0 278

999 279

0 280

0 281

0 282

1528 283

0 284

0 285

1073 286

0 287

1074 288

0 289

0 290

1079 291

0 292

1082 293

0 294

0 295

1094 296

0 297

0 298

0 299

1576 300

0 301

1587 302

0 303

0 304

1606 305

0 306

1635 307

0 308

0 309

1664 310

0 311

1694 312

0 313

1732 314

0 315

0 316

1773 317

0 318

0 319

1007 320

0 321

0 322

0 323

0 324

350 325

0 326

361 327

0 328

388 329

0 330

0 331

417 332

0 333

454 334

0 335

500 336

0 337

555 338

0 339

623 340

0 341

0 342

665 343

0 344

657 345

0 346

652 347

0 348

0 349

646 350

0 351

649 352

0 353

0 354

640 355

0 356

640 357

0 358

0 359

