771 12
774 14
771 16
768 19
772 21
777 24
783 26
789 29
801 31
812 33
824 36
840 38
855 41
874 43
891 45
912 48
970 53
1389 81
1364 84
1339 86
1323 89
1310 91
1291 93
1282 96
1276 98
1272 101
1261 103
1265 106
1264 108
1266 111
1049 113
935 116
945 118
955 121
970 123
984 125
1399 130
989 135
920 138
861 140
866 143
899 145
931 147
970 150
1909 159
1851 161
1804 164
1760 166
1718 168
1676 171
1651 173
1010 176
995 179
984 181
974 184
969 186
999 189
1528 193
1073 196
1074 198
1079 201
1082 203
1094 206
1576 210
1587 212
1606 215
1635 217
1664 220
1694 222
1732 224
1773 227
1007 230
350 235
361 237
388 239
417 242
454 244
500 246
555 248
623 250
665 253
657 255
652 257
646 260
649 262
640 265
640 267
643 270
644 272
648 274
652 277
656 279
649 282
547 285
472 287
417 290
375 293
341 296
345 299
1077 303
1092 305
1114 307
1132 310
1156 312
1180 315
1211 317
1248 320
1048 334
1004 337
937 342
910 344
891 347
870 349
850 352
834 354
822 357
813 359
