1506 13
1049 16
1048 18
1056 21
1061 23
1070 25
1555 30
1568 32
1590 35
1614 37
1641 40
1673 42
1718 45
1764 47
987 50
336 55
331 58
352 60
382 62
418 65
462 67
517 69
586 71
657 73
650 76
645 78
641 81
639 83
638 86
637 88
640 91
642 93
645 96
650 98
656 100
642 103
576 106
505 109
450 111
407 114
372 117
347 120
358 122
1108 124
1111 127
1130 129
1150 131
1180 134
1208 136
1245 139
1282 141
1076 154
1000 159
935 164
915 166
893 169
875 171
859 174
845 176
833 179
821 181
813 184
803 186
800 189
795 191
794 193
790 196
794 199
794 201
801 203
804 206
813 208
829 211
841 213
850 216
865 218
884 221
902 223
922 225
948 228
1084 238
1432 257
1395 259
1371 262
1343 264
1321 267
1310 269
1291 272
1276 274
1271 277
1262 279
1255 282
1259 284
1252 287
1254 289
990 292
933 294
941 297
949 299
963 302
978 304
1389 309
1414 311
958 314
887 317
834 319
858 322
890 324
924 326
960 329
1946 336
1882 338
1827 341
1770 343
1729 346
1679 348
1652 350
1611 353
985 356
969 358
