1459 14
1454 16
984 19
987 21
992 23
997 25
1006 28
1505 32
1519 34
1542 36
1564 39
1593 41
1617 43
1653 45
1690 47
835 51
789 53
747 55
710 58
719 60
747 62
778 64
814 66
854 69
1409 72
1373 75
1335 77
1311 79
1285 82
1262 84
1244 86
1206 91
1199 93
1183 95
1175 98
1160 100
1159 102
1159 104
1155 107
1160 109
1159 111
1159 113
1170 116
1175 118
1181 120
1195 122
1212 124
1224 127
1243 129
1266 131
1289 133
1309 136
1338 138
1409 142
1284 149
836 154
806 157
782 159
759 161
741 164
722 166
735 168
790 170
858 172
928 174
914 177
897 179
887 181
880 183
867 186
861 188
854 190
846 193
844 195
842 197
839 199
849 202
854 204
861 206
868 208
876 211
882 213
896 215
899 217
922 220
934 222
952 224
973 226
995 229
363 233
361 236
382 238
406 240
435 242
469 244
509 246
555 248
614 250
670 252
663 254
657 256
651 259
648 261
645 263
641 265
641 268
640 270
642 272
644 275
648 277
652 279
622 281
560 284
478 286
418 289
372 292
337 295
334 297
1180 301
1189 303
1211 305
1229 307
1053 310
960 312
902 314
923 317
945 319
971 321
999 323
1513 327
920 357
