861 10
856 13
848 15
843 17
835 20
831 22
831 24
832 27
841 29
843 31
848 34
855 36
869 38
868 41
884 43
897 45
917 47
932 50
950 52
968 54
996 57
354 62
354 64
377 66
405 68
436 70
473 72
515 74
571 76
638 78
660 81
656 83
650 85
645 88
642 90
638 92
638 95
635 97
639 99
642 102
645 104
650 106
656 108
584 111
500 114
437 117
390 120
353 122
334 124
1201 131
1225 133
1243 135
1020 138
932 140
915 143
939 145
963 147
994 150
1023 152
1547 156
929 185
917 187
906 189
899 192
894 194
886 196
1471 200
1461 203
995 205
1001 208
1005 210
1009 212
1020 215
1514 219
1539 221
1557 223
1582 226
1607 228
1640 231
1674 233
869 236
814 238
769 241
730 243
724 246
749 248
780 250
814 252
855 255
1416 259
1380 261
1343 263
1316 266
1290 268
1263 270
1245 273
1209 277
1191 280
1180 282
1177 284
1167 287
1160 289
1156 291
1154 294
1159 296
1154 298
1167 301
1167 303
1181 305
1183 308
1197 310
1215 312
1227 314
1250 317
1276 319
1294 321
1323 324
1360 326
1394 328
1219 338
826 341
797 343
772 345
749 348
729 350
712 352
730 355
787 357
855 359
