654 0

0 1

653 2

0 3

651 4

0 5

652 6

0 7

0 8

655 9

0 10

657 11

0 12

663 13

0 14

0 15

669 16

0 17

675 18

0 19

613 20

0 21

0 22

535 23

0 24

0 25

477 26

0 27

0 28

431 29

0 30

393 31

0 32

0 33

363 34

0 35

364 36

0 37

911 38

0 39

0 40

916 41

0 42

923 43

0 44

934 45

0 46

947 47

0 48

0 49

955 50

0 51

972 52

0 53

992 54

0 55

0 56

1008 57

0 58

1035 59

0 60

0 61

0 62

0 63

0 64

0 65

0 66

0 67

0 68

0 69

0 70

0 71

0 72

0 73

0 74

0 75

0 76

0 77

695 78

0 79

0 80

671 81

0 82

0 83

0 84

632 85

0 86

0 87

620 88

0 89

600 90

0 91

0 92

586 93

0 94

568 95

0 96

566 97

0 98

0 99

553 100

0 101

547 102

0 103

540 104

0 105

0 106

536 107

0 108

532 109

0 110

527 111

0 112

0 113

525 114

0 115

525 116

0 117

523 118

0 119

0 120

524 121

0 122

525 123

0 124

525 125

0 126

0 127

529 128

0 129

531 130

0 131

539 132

0 133

0 134

545 135

0 136

552 137

0 138

551 139

0 140

0 141

560 142

0 143

574 144

0 145

579 146

0 147

593 148

0 149

0 150

606 151

0 152

625 153

0 154

0 155

0 156

0 157

0 158

0 159

0 160

0 161

707 162

0 163

0 164

0 165

0 166

0 167

0 168

0 169

0 170

0 171

0 172

0 173

0 174

0 175

0 176

0 177

0 178

0 179

0 180

0 181

0 182

0 183

0 184

0 185

0 186

0 187

0 188

1505 189

0 190

1483 191

0 192

1467 193

0 194

0 195

1460 196

0 197

1443 198

0 199

1433 200

0 201

0 202

1425 203

0 204

1421 205

0 206

1420 207

0 208

0 209

1420 210

0 211

1421 212

0 213

0 214

1432 215

0 216

1142 217

0 218

0 219

973 220

0 221

981 222

0 223

991 224

0 225

0 226

1002 227

0 228

1017 229

0 230

0 231

0 232

1548 233

0 234

1568 235

0 236

0 237

1616 238

0 239

1440 240

0 241

0 242

1352 243

0 244

1336 245

0 246

1378 247

0 248

0 249

1424 250

0 251

0 252

0 253

0 254

0 255

0 256

0 257

0 258

0 259

0 260

0 261

0 262

0 263

0 264

0 265

0 266

0 267

0 268

0 269

0 270

0 271

0 272

2000 273

0 274

1968 275

0 276

1933 277

0 278

0 279

1528 280

0 281

1513 282

0 283

1492 284

0 285

0 286

1485 287

0 288

1597 289

0 290

1801 291

0 292

0 293

1340 294

0 295

1336 296

0 297

0 298

1327 299

0 300

1328 301

0 302

0 303

0 304

1810 305

0 306

0 307

1811 308

0 309

0 310

941 311

0 312

891 313

0 314

0 315

902 316

0 317

915 318

0 319

929 320

0 321

0 322

946 323

0 324

964 325

0 326

0 327

0 328

0 329

0 330

0 331

350 332

0 333

0 334

364 335

392 336

0 337

0 338

424 339

0 340

464 341

0 342

511 343

570 344

0 345

0 346

642 347

0 348

667 349

0 350

661 351

0 352

0 353

656 354

0 355

653 356

0 357

648 358

0 359

