542 9
535 12
527 14
525 16
520 19
516 21
515 23
514 26
511 28
513 30
515 33
517 35
520 37
524 40
526 42
537 45
542 47
547 49
555 51
564 54
575 56
590 58
605 61
1505 99
1483 101
1467 103
1460 106
1443 108
1433 110
1425 113
1421 115
1420 117
1420 120
1421 122
1432 125
1142 127
973 130
981 132
991 134
1002 137
1017 139
1548 143
1568 145
1616 148
1440 150
1352 153
1336 155
1378 157
1424 160
2000 183
1968 185
1933 187
1528 190
1513 192
1492 194
1485 197
1597 199
1801 201
1340 204
1336 206
1327 209
1328 211
1810 215
1811 218
941 221
891 223
902 226
915 228
929 230
946 233
964 235
350 242
364 245
392 246
424 249
464 251
511 253
570 254
642 257
667 259
661 261
656 264
653 266
648 268
648 271
647 273
649 275
651 278
655 280
659 282
666 284
652 287
577 290
503 292
447 295
403 298
367 301
352 303
902 307
908 310
917 312
927 314
936 317
946 319
965 321
983 323
1005 326
1027 328
634 352
604 357
583 359
