1905 9
1512 12
1495 14
1480 16
1466 19
1779 21
1332 23
1326 26
1317 28
1321 30
1798 35
1803 37
1806 39
902 43
885 45
895 47
909 50
924 52
939 54
969 56
350 64
349 66
374 68
407 70
445 72
492 74
549 76
624 78
667 80
663 83
658 85
655 87
654 90
653 92
651 94
652 96
655 99
657 101
663 103
669 106
675 108
613 110
535 113
477 116
431 119
393 121
363 124
364 126
911 128
916 131
923 133
934 135
947 137
955 140
972 142
992 144
1008 147
1035 149
695 168
671 171
632 175
620 178
600 180
586 183
568 185
566 187
553 190
547 192
540 194
536 197
532 199
527 201
525 204
525 206
523 208
524 211
525 213
525 215
529 218
531 220
539 222
545 225
552 227
551 229
560 232
574 234
579 236
593 238
606 241
625 243
707 252
1487 281
1470 283
1452 286
1442 288
1429 290
1421 293
1418 295
1408 297
1401 300
1408 302
1424 304
1429 307
961 309
965 312
975 314
987 316
1002 319
1016 321
1547 325
1593 327
1465 330
1372 332
1307 335
1346 337
1388 339
1436 342
