0 0

646 1

0 2

0 3

651 4

0 5

655 6

0 7

663 8

0 9

0 10

629 11

0 12

0 13

544 14

0 15

482 16

0 17

0 18

432 19

0 20

0 21

392 22

0 23

0 24

361 25

0 26

351 27

0 28

0 29

0 30

1156 31

0 32

0 33

1134 34

0 35

1122 36

0 37

1101 38

0 39

0 40

1084 41

0 42

1075 43

0 44

0 45

1062 46

0 47

1054 48

0 49

0 50

795 51

0 52

790 53

0 54

0 55

788 56

0 57

787 58

0 59

788 60

0 61

0 62

793 63

0 64

797 65

0 66

0 67

0 68

1061 69

0 70

0 71

911 72

0 73

0 74

781 75

0 76

729 77

0 78

739 79

0 80

0 81

752 82

0 83

767 84

0 85

0 86

785 87

0 88

804 89

0 90

829 91

0 92

0 93

0 94

1310 95

0 96

0 97

1357 98

0 99

1411 100

0 101

0 102

0 103

0 104

0 105

0 106

0 107

0 108

0 109

0 110

0 111

0 112

0 113

0 114

819 115

0 116

0 117

799 118

0 119

779 120

0 121

763 122

0 123

0 124

750 125

0 126

735 127

0 128

0 129

748 130

0 131

845 132

0 133

0 134

0 135

0 136

0 137

0 138

0 139

0 140

0 141

0 142

0 143

0 144

0 145

0 146

0 147

0 148

0 149

1278 150

0 151

0 152

1286 153

0 154

1289 155

0 156

1300 157

0 158

0 159

1311 160

0 161

1321 162

0 163

0 164

1337 165

0 166

1359 167

0 168

1377 169

0 170

0 171

1403 172

0 173

1432 174

0 175

1460 176

0 177

0 178

1502 179

0 180

1440 181

0 182

1477 183

0 184

0 185

1511 186

0 187

0 188

0 189

1601 190

0 191

0 192

0 193

0 194

0 195

0 196

0 197

0 198

0 199

0 200

0 201

1690 202

0 203

0 204

1624 205

0 206

1579 207

0 208

1536 209

0 210

0 211

1490 212

0 213

1460 214

0 215

0 216

1433 217

0 218

1401 219

0 220

1380 221

0 222

0 223

1358 224

0 225

1337 226

0 227

0 228

1325 229

0 230

1314 231

0 232

0 233

1299 234

0 235

1291 236

0 237

1286 238

0 239

0 240

1287 241

0 242

1287 243

0 244

0 245

1284 246

0 247

1288 248

0 249

0 250

775 251

0 252

0 253

714 254

0 255

720 256

0 257

731 258

0 259

0 260

741 261

0 262

750 263

0 264

0 265

762 266

0 267

774 268

0 269

0 270

0 271

1457 272

0 273

1502 274

0 275

1536 276

0 277

0 278

1581 279

0 280

1629 281

0 282

0 283

0 284

0 285

0 286

0 287

1449 288

0 289

0 290

1396 291

0 292

0 293

880 294

0 295

849 296

0 297

0 298

824 299

0 300

804 301

0 302

0 303

782 304

0 305

802 306

0 307

874 308

0 309

0 310

962 311

0 312

1097 313

0 314

1085 315

0 316

0 317

1072 318

0 319

1061 320

0 321

0 322

1045 323

0 324

0 325

0 326

0 327

350 328

0 329

0 330

341 331

364 332

0 333

393 334

0 335

0 336

428 337

0 338

468 339

0 340

520 341

0 342

583 343

0 344

672 345

0 346

657 347

0 348

0 349

651 350

0 351

648 352

0 353

0 354

644 355

0 356

644 357

0 358

0 359

