1367 14
1479 19
806 31
786 34
769 36
755 39
742 41
728 44
766 46
877 48
1285 64
1279 67
1290 69
1290 72
1303 74
1313 77
1326 79
1343 81
1363 84
1389 86
1410 88
1440 91
1477 93
1511 96
1601 100
1690 112
1624 115
1579 117
1536 119
1490 122
1460 124
1433 127
1401 129
1380 131
1358 134
1337 136
1325 139
1314 141
1299 144
1291 146
1286 148
1287 151
1287 153
1284 156
1288 158
775 161
714 164
720 166
731 168
741 171
750 173
762 176
774 178
1457 182
1502 184
1536 186
1581 189
1629 191
1449 198
1396 201
880 204
849 206
824 209
804 211
782 214
802 216
874 218
962 221
1097 223
1085 225
1072 228
1061 230
1045 233
350 238
341 241
364 242
393 244
428 247
468 249
520 251
583 253
672 255
657 257
651 260
648 262
644 265
644 267
641 270
644 272
645 274
647 277
650 279
656 281
660 284
615 286
532 289
468 292
419 295
379 297
348 300
351 302
1152 307
1132 309
1114 312
1096 314
1078 316
1067 319
1059 321
1048 324
789 327
784 329
784 331
780 334
784 336
786 339
1048 343
1059 345
882 348
754 351
724 353
734 355
748 358
