1416 14
888 17
858 20
832 22
809 24
788 27
771 29
814 31
894 34
1089 38
1073 41
1062 43
1052 45
1042 48
345 53
337 55
359 57
388 60
424 62
465 64
517 66
579 68
678 70
655 72
652 75
647 77
643 79
642 82
640 84
644 87
644 89
646 91
651 94
655 96
663 98
629 101
544 104
482 106
432 109
392 112
361 115
351 117
1156 121
1134 124
1122 126
1101 128
1084 131
1075 133
1062 136
1054 138
795 141
790 143
788 146
787 148
788 150
793 153
797 155
1061 159
911 162
781 165
729 167
739 169
752 172
767 174
785 177
804 179
829 181
1310 185
1357 188
1411 190
819 205
799 208
779 210
763 212
750 215
735 217
748 220
845 222
1278 240
1286 243
1289 245
1300 247
1311 250
1321 252
1337 255
1359 257
1377 259
1403 262
1432 264
1460 266
1502 269
1535 271
1583 273
1777 283
1714 285
1653 288
1598 290
1552 292
1508 295
1471 297
1439 300
1411 302
1386 304
1364 307
1343 309
1326 312
1318 314
1303 316
1294 319
1278 321
1284 324
1275 326
1280 328
1278 331
1284 333
707 336
710 339
717 341
725 344
734 346
746 348
760 351
775 353
1458 357
1491 359
