0 0

646 1

0 2

0 3

647 4

0 5

648 6

0 7

0 8

650 9

0 10

652 11

0 12

658 13

0 14

0 15

689 16

0 17

550 18

0 19

0 20

471 21

0 22

0 23

412 24

0 25

0 26

369 27

0 28

0 29

338 30

0 31

345 32

0 33

0 34

0 35

0 36

0 37

1833 38

0 39

1844 40

0 41

0 42

1861 43

0 44

1890 45

0 46

1915 47

0 48

0 49

1368 50

0 51

0 52

1239 53

0 54

1246 55

0 56

1274 57

0 58

1307 59

0 60

0 61

0 62

0 63

0 64

0 65

0 66

0 67

0 68

0 69

0 70

0 71

0 72

0 73

1196 74

0 75

1147 76

0 77

0 78

1108 79

0 80

1080 81

0 82

1138 83

0 84

0 85

1208 86

0 87

0 88

0 89

1621 90

0 91

0 92

1583 93

0 94

1552 95

0 96

1528 97

0 98

0 99

1503 100

0 101

1484 102

0 103

1471 104

0 105

0 106

1455 107

0 108

1446 109

0 110

1435 111

0 112

0 113

1429 114

0 115

1425 116

0 117

0 118

1424 119

0 120

0 121

0 122

508 123

0 124

0 125

387 126

0 127

0 128

389 129

0 130

393 131

0 132

397 133

0 134

0 135

403 136

0 137

407 138

0 139

415 140

0 141

423 142

0 143

0 144

430 145

0 146

440 147

0 148

0 149

450 150

0 151

462 152

0 153

0 154

0 155

0 156

0 157

0 158

0 159

0 160

0 161

0 162

0 163

0 164

0 165

0 166

664 167

0 168

0 169

0 170

0 171

0 172

0 173

0 174

0 175

0 176

0 177

0 178

0 179

549 180

0 181

0 182

536 183

0 184

543 185

0 186

0 187

535 188

0 189

527 190

0 191

0 192

520 193

0 194

518 195

0 196

0 197

514 198

0 199

512 200

0 201

511 202

0 203

0 204

511 205

0 206

511 207

0 208

515 209

0 210

0 211

517 212

0 213

519 214

0 215

0 216

524 217

0 218

531 219

0 220

537 221

0 222

0 223

542 224

0 225

551 226

0 227

0 228

562 229

0 230

575 231

0 232

592 233

0 234

0 235

603 236

0 237

0 238

0 239

0 240

0 241

0 242

0 243

0 244

0 245

0 246

707 247

0 248

0 249

0 250

0 251

0 252

0 253

0 254

0 255

0 256

0 257

0 258

0 259

0 260

0 261

0 262

0 263

0 264

0 265

1009 266

0 267

993 268

0 269

0 270

968 271

0 272

949 273

0 274

0 275

936 276

0 277

926 278

0 279

0 280

917 281

0 282

908 283

0 284

0 285

902 286

0 287

898 288

0 289

895 290

0 291

0 292

894 293

0 294

892 295

0 296

0 297

897 298

0 299

898 300

0 301

906 302

0 303

0 304

913 305

0 306

917 307

0 308

0 309

932 310

0 311

948 312

0 313

954 314

0 315

0 316

975 317

0 318

0 319

0 320

0 321

355 322

0 323

369 324

0 325

392 326

0 327

419 328

0 329

451 330

0 331

0 332

490 333

0 334

534 335

0 336

590 337

0 338

624 339

0 340

0 341

660 342

0 343

652 344

0 345

0 346

646 347

0 348

641 349

0 350

638 351

0 352

0 353

635 354

0 355

632 356

0 357

0 358

635 359

