1463 10
1451 12
1439 14
1433 17
1423 19
1416 21
1416 24
1419 26
435 31
383 34
387 37
391 39
396 41
402 43
408 46
417 48
424 50
434 53
445 55
458 58
471 60
579 86
560 88
549 90
536 93
543 95
535 98
527 100
520 103
518 105
514 108
512 110
511 112
511 115
511 117
515 119
517 122
519 124
524 127
531 129
537 131
542 134
551 136
562 139
575 141
592 143
603 146
707 157
1009 176
993 178
968 181
949 183
936 186
926 188
917 191
908 193
902 196
898 198
895 200
894 203
892 205
897 208
898 210
906 212
913 215
917 217
932 220
948 222
954 224
975 227
355 232
369 234
392 236
419 238
451 240
490 243
534 245
590 247
624 249
660 252
652 254
646 257
641 259
638 261
635 264
632 266
635 269
636 271
638 274
641 276
646 278
501 284
427 286
374 290
332 292
323 295
1223 299
1817 303
1829 306
1846 308
1870 310
1899 313
1328 316
1214 318
1235 320
1263 323
1296 325
1169 340
1122 342
1082 345
1074 347
1136 349
1213 352
1622 354
1565 359
