937 10
921 12
911 15
905 17
899 20
893 22
891 24
887 27
887 29
892 31
892 34
898 36
904 39
911 41
923 43
935 46
947 48
961 50
976 53
366 58
357 60
379 63
406 64
437 66
476 68
522 71
575 73
643 75
669 77
662 79
657 82
652 84
646 87
646 89
646 91
647 94
648 96
650 99
652 101
658 103
689 106
550 108
471 111
412 114
369 117
338 120
345 122
1833 128
1844 130
1861 133
1890 135
1915 137
1368 140
1239 143
1246 145
1274 147
1307 149
1196 164
1147 166
1108 169
1080 171
1138 173
1208 176
1621 180
1583 183
1552 185
1528 187
1503 190
1484 192
1471 194
1455 197
1446 199
1435 201
1429 204
1425 206
1424 209
508 213
387 216
389 219
393 221
397 223
403 226
407 228
415 230
423 232
430 235
440 237
450 240
462 242
664 257
526 279
516 282
511 284
507 287
503 289
499 292
496 294
495 296
494 299
495 301
496 303
498 306
502 308
505 311
509 313
516 315
521 317
530 320
540 322
552 324
561 327
584 331
