0 0

634 1

0 2

632 3

0 4

635 5

0 6

638 7

0 8

0 9

641 10

0 11

648 12

0 13

0 14

655 15

0 16

605 17

0 18

0 19

532 20

0 21

472 22

0 23

0 24

428 25

0 26

0 27

391 28

0 29

360 30

0 31

0 32

341 33

0 34

355 35

0 36

953 37

0 38

979 39

0 40

0 41

0 42

0 43

0 44

0 45

1549 46

0 47

1497 48

0 49

1446 50

0 51

0 52

1405 53

0 54

0 55

918 56

0 57

893 58

0 59

869 60

0 61

0 62

853 63

0 64

836 65

0 66

820 67

0 68

0 69

859 70

0 71

964 72

0 73

1167 74

0 75

1150 76

0 77

0 78

882 79

0 80

876 81

0 82

873 83

0 84

0 85

869 86

0 87

865 88

0 89

865 90

0 91

0 92

0 93

0 94

1121 95

0 96

1126 97

0 98

1136 99

0 100

0 101

1148 102

0 103

1158 104

0 105

1168 106

0 107

0 108

1184 109

0 110

1204 111

0 112

1219 113

0 114

1248 115

0 116

0 117

1272 118

0 119

1299 120

0 121

1330 122

0 123

0 124

1367 125

0 126

1407 127

0 128

0 129

0 130

0 131

1506 132

0 133

0 134

0 135

0 136

0 137

0 138

0 139

0 140

0 141

0 142

0 143

0 144

0 145

0 146

0 147

0 148

0 149

0 150

0 151

0 152

0 153

0 154

0 155

0 156

0 157

0 158

0 159

0 160

0 161

0 162

0 163

0 164

0 165

0 166

0 167

0 168

0 169

0 170

0 171

0 172

0 173

0 174

0 175

0 176

0 177

1211 178

0 179

0 180

0 181

1206 182

0 183

1209 184

0 185

1217 186

0 187

1219 188

0 189

0 190

1231 191

0 192

1239 193

0 194

1251 195

0 196

1266 197

0 198

0 199

1287 200

0 201

1304 202

0 203

1326 204

0 205

0 206

902 207

0 208

832 209

0 210

0 211

777 212

0 213

754 214

0 215

776 216

0 217

799 218

0 219

824 220

0 221

0 222

855 223

0 224

883 225

0 226

0 227

0 228

0 229

0 230

1572 231

0 232

1523 233

0 234

1478 235

0 236

0 237

1439 238

0 239

1412 240

0 241

1379 242

0 243

0 244

1349 245

0 246

1326 247

0 248

1307 249

0 250

1289 251

0 252

0 253

1272 254

0 255

1255 256

0 257

1249 258

0 259

1236 260

0 261

0 262

1233 263

0 264

1223 265

0 266

1219 267

0 268

0 269

1219 270

0 271

1221 272

0 273

0 274

762 275

0 276

760 277

0 278

764 279

0 280

0 281

770 282

0 283

775 284

0 285

782 286

0 287

795 288

0 289

805 290

0 291

0 292

0 293

1329 294

0 295

0 296

1353 297

0 298

1383 299

0 300

1410 301

0 302

1449 303

0 304

0 305

1484 306

0 307

1529 308

0 309

1573 310

0 311

1622 312

0 313

0 314

1575 315

0 316

1517 317

0 318

1455 319

0 320

1412 321

0 322

0 323

0 324

0 325

0 326

345 327

0 328

352 329

0 330

375 331

0 332

400 333

0 334

432 335

0 336

468 337

0 338

513 339

0 340

566 341

0 342

0 343

0 344

657 345

0 346

0 347

649 348

0 349

645 350

0 351

642 352

0 353

0 354

638 355

0 356

635 357

0 358

633 359

