1120 13
1137 15
1146 17
1162 19
1176 21
1197 24
1216 26
1245 28
1269 30
1298 33
1331 35
1369 37
1411 39
1458 42
1509 44
1567 46
1934 80
1208 89
1206 92
1209 94
1217 96
1219 98
1231 101
1239 103
1251 105
1266 107
1287 110
1304 112
1326 114
902 117
832 119
777 122
754 124
776 126
799 128
824 130
855 133
883 135
1572 141
1523 143
1478 145
1439 148
1412 150
1379 152
1349 155
1326 157
1307 159
1289 161
1272 164
1255 166
1249 168
1236 170
1233 173
1223 175
1219 177
1219 180
1221 182
762 185
760 187
764 189
770 192
775 194
782 196
795 198
805 200
1329 204
1353 207
1383 209
1410 211
1449 213
1484 216
1529 218
1573 220
1622 222
1575 225
1517 227
1455 229
1412 231
345 237
352 239
375 241
400 243
432 245
468 247
513 249
566 251
657 255
649 258
645 260
642 262
638 265
635 267
633 269
635 271
635 274
638 276
642 278
645 280
652 282
633 285
544 287
473 290
421 293
379 295
347 298
334 300
913 304
940 307
972 309
1505 317
1446 320
909 325
879 327
859 330
838 332
823 334
806 336
805 339
888 341
997 343
1142 345
1128 347
860 350
856 352
849 354
846 357
841 359
