748 11
755 13
762 16
774 18
790 20
1312 24
1339 27
1370 29
1398 31
1429 33
1478 36
1519 38
1568 40
1592 43
1538 45
1472 47
1422 50
1384 52
334 58
326 60
348 62
377 64
408 67
448 68
494 70
552 72
626 74
646 77
641 79
637 81
634 84
633 86
631 88
634 91
632 93
635 95
638 97
641 100
648 102
655 105
605 107
532 110
472 112
428 115
391 118
360 120
341 123
355 125
953 127
979 129
1549 136
1497 138
1446 140
1405 143
918 146
893 148
869 150
853 153
836 155
820 157
859 160
964 162
1167 164
1150 166
882 169
876 171
873 173
869 176
865 178
865 180
1121 185
1126 187
1136 189
1148 192
1158 194
1168 196
1184 199
1204 201
1219 203
1248 205
1272 208
1299 210
1330 212
1367 215
1407 217
1506 222
1628 235
1633 238
1556 240
1544 243
1591 245
1211 268
1219 271
1217 273
1223 275
1228 278
1236 280
1245 282
1257 284
1273 287
1287 289
1310 291
908 294
831 297
769 299
746 302
766 304
788 306
814 308
841 311
873 313
1515 321
1465 324
1429 326
1390 329
1359 331
1333 333
1309 335
1286 338
1265 340
1253 343
1236 345
1221 347
1215 349
1208 352
1201 354
1193 356
1193 359
