0 0

638 1

0 2

647 3

0 4

651 5

0 6

0 7

656 8

0 9

662 10

0 11

0 12

671 13

0 14

622 15

0 16

0 17

550 18

0 19

495 20

0 21

0 22

450 23

0 24

0 25

414 26

0 27

383 28

0 29

0 30

361 31

0 32

0 33

370 34

1400 35

0 36

0 37

1371 38

0 39

1349 40

0 41

0 42

1336 43

0 44

1316 45

0 46

1311 47

0 48

0 49

1301 50

0 51

1294 52

0 53

0 54

1294 55

0 56

1283 57

0 58

1288 59

0 60

0 61

1288 62

0 63

1294 64

0 65

0 66

890 67

0 68

0 69

717 70

0 71

723 72

0 73

0 74

731 75

0 76

740 77

0 78

753 79

0 80

0 81

767 82

0 83

781 84

0 85

0 86

0 87

963 88

0 89

0 90

973 91

0 92

1002 93

0 94

0 95

1032 96

0 97

1068 98

0 99

0 100

0 101

0 102

0 103

0 104

0 105

0 106

1729 107

0 108

0 109

1061 110

0 111

1026 112

0 113

0 114

993 115

0 116

966 117

0 118

0 119

984 120

0 121

1059 122

0 123

0 124

0 125

1397 126

0 127

0 128

996 129

0 130

0 131

984 132

0 133

969 134

0 135

963 136

0 137

0 138

955 139

0 140

0 141

0 142

1286 143

0 144

0 145

1277 146

0 147

1294 148

0 149

0 150

1294 151

0 152

1298 153

0 154

1295 155

0 156

0 157

1307 158

0 159

1314 160

0 161

0 162

1325 163

0 164

1341 165

0 166

1359 167

0 168

0 169

1379 170

0 171

1399 172

0 173

0 174

1429 175

0 176

1457 177

0 178

1490 179

1450 180

0 181

0 182

1485 183

0 184

1520 185

0 186

0 187

0 188

0 189

0 190

0 191

0 192

0 193

0 194

0 195

0 196

0 197

0 198

0 199

0 200

0 201

1365 202

0 203

1321 204

0 205

0 206

0 207

0 208

1243 209

0 210

1210 211

0 212

0 213

1181 214

0 215

1157 216

0 217

1134 218

0 219

0 220

1117 221

0 222

1095 223

0 224

0 225

1082 226

0 227

1068 228

0 229

1058 230

0 231

0 232

803 233

0 234

797 235

0 236

0 237

794 238

0 239

792 240

0 241

0 242

794 243

0 244

798 245

0 246

801 247

0 248

0 249

0 250

0 251

1053 252

0 253

1065 254

0 255

1073 256

0 257

0 258

1083 259

0 260

1099 261

0 262

1116 263

0 264

0 265

1134 266

0 267

1159 268

0 269

1178 270

0 271

0 272

1205 273

0 274

1240 275

0 276

1279 277

0 278

0 279

1306 280

0 281

0 282

0 283

0 284

0 285

0 286

0 287

0 288

0 289

0 290

0 291

0 292

0 293

0 294

0 295

0 296

0 297

0 298

0 299

0 300

0 301

0 302

0 303

0 304

0 305

0 306

0 307

0 308

0 309

0 310

0 311

0 312

0 313

0 314

0 315

0 316

0 317

0 318

0 319

0 320

0 321

0 322

0 323

0 324

0 325

0 326

0 327

0 328

0 329

0 330

335 331

0 332

343 333

0 334

371 335

0 336

404 337

0 338

447 339

0 340

496 341

0 342

560 343

0 344

590 345

0 346

655 347

0 348

0 349

651 350

0 351

646 352

0 353

643 354

0 355

0 356

642 357

0 358

642 359

