1036 10
1075 12
1747 19
1067 22
1030 24
997 27
971 29
945 31
987 34
1072 36
1378 41
984 43
970 46
958 48
953 51
941 53
1278 57
1268 60
1281 62
1284 64
1288 67
1292 69
1300 71
1313 74
1322 76
1335 79
1349 81
1367 83
1400 86
1423 88
1450 90
1485 93
1520 95
1365 112
1321 114
1243 119
1210 121
1181 124
1157 126
1134 128
1117 131
1095 133
1082 136
1068 138
1058 140
803 143
797 145
794 148
792 150
794 153
798 155
801 157
1053 162
1065 164
1073 166
1083 169
1099 171
1116 173
1134 176
1159 178
1178 180
1205 183
1240 185
1279 187
1306 190
335 241
343 243
371 245
404 247
447 249
496 251
560 253
590 255
655 257
651 260
646 262
643 264
642 267
642 269
641 272
643 274
648 276
651 279
656 281
663 283
656 286
569 289
506 291
454 294
415 297
380 299
353 302
362 304
1383 308
1355 311
1334 313
1321 315
1309 318
1299 320
1287 323
1279 325
1278 327
1274 330
1274 332
1272 334
1280 337
893 340
704 342
707 345
716 347
725 349
736 352
748 354
762 356
