327 60
333 62
363 64
399 66
445 68
502 70
577 72
654 74
650 76
646 79
641 81
641 84
645 86
638 88
638 91
647 93
651 95
656 98
662 100
671 103
622 105
550 108
495 110
450 113
414 116
383 118
361 121
370 124
1400 125
1371 128
1349 130
1336 133
1316 135
1311 137
1301 140
1294 142
1294 145
1283 147
1288 149
1288 152
1294 154
890 157
717 160
723 162
731 165
740 167
753 169
767 172
781 174
963 178
973 181
1002 183
1032 186
1068 188
1729 197
1061 200
1026 202
993 205
966 207
984 210
1059 212
1397 216
996 219
984 222
969 224
963 226
955 229
1286 233
1277 236
1294 238
1294 241
1298 243
1295 245
1307 248
1314 250
1325 253
1341 255
1359 257
1379 260
1399 262
1429 265
1457 267
1490 269
1527 272
1572 274
1620 276
1524 281
1345 288
1264 293
1228 296
1196 298
1169 301
1139 303
1120 305
1099 308
1082 310
1066 313
1049 315
1042 318
787 320
784 323
782 325
782 328
781 330
784 332
789 335
1042 339
1058 341
1064 344
1073 346
1094 349
1106 351
1123 353
1147 356
1173 358
