0 0

657 1

0 2

664 3

0 4

663 5

0 6

0 7

666 8

0 9

672 10

0 11

677 12

0 13

0 14

700 15

0 16

0 17

583 18

0 19

0 20

511 21

0 22

454 23

0 24

0 25

411 26

0 27

0 28

376 29

0 30

368 31

0 32

0 33

0 34

0 35

0 36

0 37

1504 38

0 39

1499 40

0 41

0 42

1498 43

0 44

0 45

910 46

0 47

912 48

0 49

915 50

0 51

0 52

922 53

0 54

928 55

0 56

940 57

0 58

1552 59

0 60

0 61

1566 62

0 63

1589 64

0 65

1615 66

0 67

0 68

1644 69

0 70

1675 71

0 72

0 73

1715 74

0 75

1762 76

0 77

0 78

815 79

0 80

0 81

768 82

0 83

726 84

0 85

0 86

691 87

0 88

662 89

0 90

0 91

669 92

0 93

701 94

0 95

737 96

0 97

0 98

779 99

0 100

825 101

0 102

0 103

0 104

1199 105

0 106

0 107

1173 108

0 109

1151 110

0 111

0 112

1125 113

0 114

1108 115

0 116

0 117

1089 118

0 119

1080 120

0 121

1072 122

0 123

0 124

1064 125

0 126

1053 127

0 128

0 129

1045 130

0 131

1048 132

0 133

1047 134

0 135

0 136

1050 137

0 138

1053 139

0 140

0 141

1052 142

0 143

1055 144

0 145

1070 146

0 147

0 148

1078 149

0 150

1092 151

0 152

0 153

1109 154

0 155

1122 156

0 157

1145 158

0 159

0 160

1167 161

0 162

1191 163

0 164

0 165

1229 166

0 167

1258 168

0 169

1295 170

0 171

0 172

0 173

0 174

1251 175

0 176

0 177

0 178

0 179

0 180

0 181

0 182

0 183

0 184

0 185

0 186

0 187

1032 188

0 189

1002 190

0 191

0 192

971 193

0 194

944 195

0 196

0 197

923 198

0 199

900 200

0 201

888 202

0 203

0 204

870 205

0 206

859 207

0 208

0 209

849 210

0 211

837 212

0 213

830 214

0 215

0 216

825 217

0 218

819 219

0 220

0 221

815 222

0 223

812 224

0 225

814 226

0 227

0 228

813 229

0 230

813 231

0 232

0 233

817 234

0 235

817 236

0 237

822 238

0 239

0 240

847 241

0 242

859 243

0 244

867 245

0 246

0 247

885 248

0 249

901 250

0 251

0 252

918 253

0 254

941 255

0 256

962 257

0 258

0 259

986 260

0 261

0 262

0 263

0 264

905 265

0 266

869 267

0 268

836 269

0 270

0 271

807 272

0 273

779 274

0 275

0 276

762 277

0 278

808 279

0 280

866 281

0 282

0 283

934 284

0 285

0 286

0 287

1441 288

0 289

1416 290

0 291

0 292

1388 293

0 294

1363 295

0 296

0 297

1345 298

0 299

1331 300

0 301

1318 302

0 303

0 304

1308 305

0 306

0 307

931 308

0 309

924 310

0 311

924 312

0 313

0 314

922 315

0 316

922 317

0 318

0 319

924 320

0 321

0 322

0 323

1300 324

0 325

0 326

0 327

0 328

371 329

0 330

0 331

363 332

0 333

389 334

0 335

422 336

0 337

462 338

0 339

508 340

0 341

565 342

0 343

641 344

0 345

0 346

682 347

0 348

676 349

0 350

671 351

0 352

0 353

667 354

0 355

663 356

0 357

0 358

662 359

