773 10
1210 14
1179 16
1156 19
1131 21
1111 24
1091 26
1077 29
1062 31
1054 33
1044 36
1039 38
1035 41
1034 43
1038 45
1034 48
1038 50
1044 52
1049 55
1060 57
1067 60
1079 62
1097 64
1110 67
1133 69
1150 71
1180 74
1208 76
1241 79
1316 83
1210 88
1032 98
1002 100
971 103
944 105
923 108
900 110
888 112
870 115
859 117
849 120
837 122
830 124
825 127
819 129
815 132
812 134
814 136
813 139
813 141
817 144
817 146
822 148
847 151
859 153
867 155
885 158
901 160
918 163
941 165
962 167
986 170
905 175
869 177
836 179
807 182
779 184
762 187
808 189
866 191
934 194
1441 198
1416 200
1388 203
1363 205
1345 208
1331 210
1318 212
1308 215
931 218
924 220
924 222
922 225
922 227
924 230
1300 234
371 239
363 242
389 244
422 246
462 248
508 250
565 252
641 254
682 257
676 259
671 261
667 264
663 266
662 269
665 271
666 273
666 276
669 278
675 281
680 283
644 285
549 288
478 291
425 294
383 297
363 299
1506 308
1497 310
1491 313
903 316
907 318
910 321
913 323
923 325
930 328
1540 330
1558 332
1580 334
1602 337
1634 339
1662 342
1694 344
1738 346
807 350
756 352
718 355
681 357
