857 11
924 13
1437 17
1401 20
1382 22
1354 24
1336 27
1323 29
1313 32
1297 34
921 37
913 39
909 42
907 44
908 47
913 49
1287 53
1298 56
356 62
366 64
396 66
434 68
478 70
534 72
605 74
678 76
673 78
668 81
663 83
662 86
661 88
657 91
664 93
663 95
666 98
672 100
677 102
700 105
583 108
511 111
454 113
411 116
376 119
368 121
1504 128
1499 130
1498 133
910 136
912 138
915 140
922 143
928 145
940 147
1552 149
1566 152
1589 154
1615 156
1644 159
1675 161
1715 164
1762 166
815 169
768 172
726 174
691 177
662 179
669 182
701 184
737 186
779 189
825 191
1199 195
1173 198
1151 200
1125 203
1108 205
1089 208
1080 210
1072 212
1064 215
1053 217
1045 220
1048 222
1047 224
1050 227
1053 229
1052 232
1055 234
1070 236
1078 239
1092 241
1109 244
1122 246
1145 248
1167 251
1191 253
1229 256
1258 258
1295 260
1251 265
1094 273
1056 275
1016 278
985 280
956 282
927 285
912 287
891 290
877 292
858 295
847 297
837 300
825 302
820 304
815 307
812 309
808 312
804 314
805 317
806 319
805 321
809 324
809 326
833 328
845 331
854 333
865 336
881 338
894 340
917 343
937 345
987 350
1022 352
874 355
840 357
