647 0

0 1

645 2

0 3

0 4

647 5

0 6

651 7

0 8

0 9

656 10

0 11

661 12

0 13

640 14

0 15

0 16

593 17

0 18

0 19

521 20

0 21

0 22

466 23

0 24

0 25

422 26

0 27

387 28

0 29

0 30

357 31

0 32

362 33

0 34

1014 35

0 36

0 37

0 38

0 39

1555 40

0 41

1525 42

0 43

0 44

1493 45

0 46

1465 47

0 48

1441 49

0 50

0 51

1425 52

0 53

1405 54

0 55

0 56

1014 57

0 58

1007 59

0 60

0 61

1004 62

0 63

996 64

0 65

0 66

994 67

0 68

992 69

0 70

0 71

0 72

0 73

1348 74

0 75

1355 76

0 77

1363 78

0 79

0 80

1376 81

0 82

1385 83

0 84

0 85

1407 86

0 87

1104 88

0 89

0 90

974 91

0 92

961 93

0 94

0 95

979 96

0 97

1001 98

0 99

0 100

1027 101

0 102

1054 103

0 104

0 105

0 106

1686 107

0 108

0 109

0 110

0 111

0 112

0 113

0 114

0 115

0 116

0 117

0 118

0 119

0 120

0 121

0 122

879 123

0 124

851 125

0 126

0 127

824 128

0 129

805 130

0 131

0 132

787 133

0 134

769 135

0 136

800 137

0 138

0 139

888 140

0 141

0 142

0 143

0 144

0 145

0 146

0 147

0 148

1307 149

0 150

1294 151

0 152

0 153

1292 154

0 155

1285 156

0 157

1286 158

0 159

0 160

1284 161

0 162

1288 163

0 164

0 165

1293 166

0 167

1298 168

0 169

0 170

1307 171

0 172

1317 173

0 174

1339 175

0 176

0 177

1349 178

0 179

1387 180

0 181

1410 182

0 183

0 184

1437 185

0 186

1468 187

0 188

0 189

1507 190

0 191

1545 192

0 193

1591 194

0 195

0 196

0 197

0 198

0 199

0 200

0 201

0 202

0 203

1350 204

0 205

0 206

1303 207

0 208

1255 209

0 210

1219 211

0 212

0 213

1181 214

0 215

1147 216

0 217

0 218

1124 219

0 220

1097 221

0 222

0 223

1076 224

0 225

1057 226

0 227

0 228

1039 229

0 230

1025 231

0 232

1014 233

0 234

0 235

1000 236

0 237

995 238

0 239

0 240

985 241

0 242

979 243

0 244

978 245

0 246

0 247

979 248

0 249

980 250

0 251

0 252

987 253

0 254

985 255

0 256

996 257

0 258

0 259

1008 260

0 261

850 262

0 263

0 264

730 265

0 266

0 267

679 268

0 269

691 270

0 271

702 272

0 273

0 274

717 275

0 276

735 277

0 278

0 279

753 280

0 281

774 282

0 283

0 284

0 285

1250 286

0 287

1295 288

0 289

0 290

0 291

0 292

1397 293

0 294

0 295

1392 296

0 297

1344 298

0 299

0 300

1298 301

0 302

1257 303

0 304

1223 305

0 306

0 307

1190 308

0 309

1164 310

0 311

0 312

1142 313

0 314

1120 315

0 316

0 317

1107 318

0 319

1087 320

0 321

0 322

0 323

0 324

349 325

0 326

0 327

351 328

0 329

378 330

0 331

410 332

0 333

448 334

0 335

494 336

0 337

551 338

0 339

0 340

0 341

0 342

664 343

0 344

657 345

0 346

653 347

0 348

0 349

650 350

0 351

651 352

0 353

0 354

643 355

0 356

643 357

0 358

648 359

