1039 11
1675 15
1796 20
840 33
816 35
796 38
779 40
762 43
761 45
839 47
945 50
1300 56
1291 59
1280 61
1275 64
1278 66
1275 68
1277 71
1285 73
1288 76
1299 78
1310 80
1322 83
1339 85
1360 88
1387 90
1410 92
1437 95
1468 97
1507 100
1545 102
1591 104
1350 114
1303 117
1255 119
1219 121
1181 124
1147 126
1124 129
1097 131
1076 134
1057 136
1039 139
1025 141
1014 143
1000 146
995 148
985 151
979 153
978 155
979 158
980 160
987 163
985 165
996 167
1008 170
850 172
730 175
679 178
691 180
702 182
717 185
735 187
753 190
774 192
1250 196
1295 198
1397 203
1392 206
1344 208
1298 211
1257 213
1223 215
1190 218
1164 220
1142 223
1120 225
1107 228
1087 230
349 235
351 238
378 240
410 242
448 244
494 246
551 248
664 253
657 255
653 257
650 260
651 262
643 265
643 267
648 269
649 272
653 274
656 277
661 279
659 281
560 284
491 287
435 290
394 293
360 295
352 298
998 302
1560 307
1530 309
1488 311
1465 314
1436 316
1415 319
1394 321
1379 324
994 326
986 329
982 331
978 334
975 336
1333 340
1335 343
1340 345
1357 348
1369 350
1379 352
1144 355
1010 358
