720 10
740 12
761 15
1238 19
1284 21
1323 23
1368 28
1325 31
1286 33
1240 36
1207 38
1178 41
1146 43
1129 45
1106 48
1093 50
1075 53
1062 55
334 60
352 63
383 65
418 67
464 69
520 71
591 73
653 78
650 80
646 83
644 85
643 88
647 90
645 92
647 95
651 97
656 100
661 102
640 104
593 107
521 110
466 113
422 116
387 118
357 121
362 123
1014 125
1555 130
1525 132
1493 135
1465 137
1441 139
1425 142
1405 144
1014 147
1007 149
1004 152
996 154
994 157
992 159
1348 164
1355 166
1363 168
1376 171
1385 173
1407 176
1104 178
974 181
961 183
979 186
1001 188
1027 191
1054 193
1686 197
879 213
851 215
824 218
805 220
787 223
769 225
800 227
888 230
1877 236
1307 239
1294 241
1292 244
1285 246
1286 248
1284 251
1288 253
1293 256
1298 258
1307 261
1317 263
1339 265
1349 268
1367 270
1419 275
1448 277
1476 280
1521 282
1518 289
1444 292
1324 297
1276 299
1229 302
1186 304
1153 307
1125 309
1101 311
1078 314
1052 316
1031 319
1017 321
1002 324
990 326
978 329
973 331
966 333
964 336
963 338
964 341
965 343
966 346
971 348
977 350
989 353
778 356
674 358
