0 0

654 1

0 2

658 3

0 4

661 5

0 6

0 7

667 8

0 9

672 10

0 11

0 12

678 13

0 14

597 15

0 16

0 17

518 18

0 19

0 20

461 21

0 22

0 23

413 24

0 25

0 26

377 27

0 28

362 29

0 30

0 31

0 32

0 33

0 34

0 35

1753 36

0 37

1705 38

0 39

0 40

1662 41

0 42

1623 43

0 44

1594 45

0 46

0 47

1563 48

0 49

1544 50

0 51

0 52

1146 53

0 54

0 55

1133 56

0 57

1122 58

0 59

1115 60

0 61

0 62

1114 63

0 64

1457 65

0 66

0 67

1452 68

0 69

1456 70

0 71

1455 72

0 73

0 74

1457 75

0 76

1471 77

0 78

0 79

1480 80

0 81

1493 82

0 83

0 84

1264 85

0 86

0 87

1095 88

0 89

1053 90

0 91

1074 92

0 93

0 94

1095 95

0 96

1122 97

0 98

0 99

0 100

0 101

1715 102

0 103

1761 104

0 105

0 106

1801 107

0 108

0 109

1064 110

0 111

1012 112

0 113

0 114

966 115

0 116

955 117

0 118

999 119

0 120

0 121

1054 122

0 123

1122 124

0 125

0 126

949 127

0 128

926 129

0 130

0 131

902 132

0 133

885 134

0 135

0 136

867 137

0 138

859 139

0 140

0 141

963 142

0 143

0 144

0 145

1301 146

0 147

1292 148

0 149

0 150

1282 151

0 152

1274 153

0 154

0 155

1272 156

0 157

1269 158

0 159

0 160

1264 161

0 162

1275 163

0 164

0 165

1276 166

0 167

1287 168

0 169

0 170

1296 171

0 172

1306 173

0 174

1316 175

0 176

0 177

1338 178

0 179

1373 180

0 181

1400 182

0 183

1429 184

0 185

0 186

1460 187

0 188

1496 189

0 190

0 191

0 192

0 193

0 194

0 195

0 196

0 197

0 198

0 199

0 200

0 201

0 202

0 203

1204 204

0 205

0 206

1152 207

0 208

1119 209

0 210

0 211

1086 212

0 213

1050 214

0 215

0 216

1020 217

0 218

996 219

0 220

972 221

0 222

0 223

949 224

0 225

937 226

0 227

0 228

926 229

0 230

911 231

0 232

0 233

901 234

0 235

884 236

0 237

0 238

881 239

0 240

874 241

0 242

0 243

874 244

0 245

872 246

0 247

870 248

0 249

0 250

873 251

0 252

877 253

0 254

0 255

883 256

0 257

887 258

0 259

0 260

900 261

0 262

907 263

0 264

917 265

0 266

0 267

932 268

0 269

946 270

0 271

0 272

962 273

0 274

980 275

0 276

1002 277

0 278

0 279

1028 280

0 281

1059 282

0 283

0 284

1091 285

0 286

1127 287

0 288

1165 289

0 290

0 291

0 292

0 293

0 294

0 295

0 296

0 297

0 298

1326 299

0 300

1291 301

0 302

0 303

1254 304

0 305

1219 306

0 307

0 308

1187 309

0 310

1157 311

0 312

0 313

1136 314

0 315

1116 316

0 317

0 318

1098 319

0 320

0 321

0 322

0 323

356 324

0 325

361 326

0 327

388 328

0 329

0 330

419 331

0 332

457 333

0 334

504 335

0 336

561 337

0 338

0 339

0 340

0 341

670 342

0 343

665 344

0 345

659 346

0 347

0 348

655 349

0 350

651 351

0 352

0 353

650 354

0 355

650 356

0 357

0 358

653 359

