1725 12
1775 14
1078 17
1019 19
976 22
934 24
962 27
1013 29
1074 31
931 37
907 39
888 41
869 44
855 46
881 49
1002 51
1306 53
1295 56
1285 58
1279 61
1273 63
1265 65
1267 68
1271 70
1275 73
1280 75
1294 78
1300 80
1319 82
1332 85
1352 87
1373 90
1400 92
1429 94
1460 97
1496 99
1204 114
1152 117
1119 119
1086 122
1050 124
1020 127
996 129
972 131
949 134
937 136
926 139
911 141
901 144
884 146
881 149
874 151
874 154
872 156
870 158
873 161
877 163
883 166
887 168
900 171
907 173
917 175
932 178
946 180
962 183
980 185
1002 187
1028 190
1059 192
1091 195
1127 197
1165 199
1326 209
1291 211
1254 214
1219 216
1187 219
1157 221
1136 224
1116 226
1098 229
356 234
361 236
388 238
419 241
457 243
504 245
561 247
670 252
665 254
659 256
655 259
651 261
650 264
650 266
653 269
653 271
655 274
661 276
666 278
631 281
537 284
466 287
414 289
373 292
348 295
1739 304
1684 306
1644 309
1605 311
1579 313
1550 316
1528 318
1130 321
1118 324
1104 326
1099 328
1099 331
1445 333
1440 335
1440 338
1438 340
1445 343
1453 345
1463 348
1476 350
1491 352
1109 355
1036 358
